29,11
29,10
29,9
29,8
29,7
29,6
29,5
4294967294,412
4294967294,1180
4294967294,1185
4294967294,1184
4294967294,1231
4294967294,1374
40,6
40,5
40,4
40,3
40,2
40,1
4294967294,437
39,9
39,8
39,7
39,6
39,5
39,4
39,3
39,2
39,1
38,142
38,141
38,109
38,100
38,108
38,107
38,105
38,106
38,99
38,140
38,139
38,104
38,138
38,137
38,136
38,103
38,102
38,135
38,134
38,101
38,98
38,133
38,132
38,73
38,71
38,97
38,93
38,131
38,96
38,55
38,95
38,31
38,130
4294967278,317
38,94
38,53
38,129
38,83
38,128
38,92
38,19
38,91
38,50
38,90
38,30
38,89
38,20
38,88
38,87
38,46
38,86
38,52
4294967278,316
38,85
38,17
38,84
38,47
38,75
38,82
38,45
38,81
38,80
38,48
38,79
38,27
38,78
38,18
38,77
38,76
38,69
38,74
38,28
4294967278,315
38,58
38,72
38,56
38,70
38,66
38,68
38,67
4294967278,314
38,62
38,65
38,64
38,63
38,59
4294967278,313
38,61
38,60
38,49
38,36
38,57
38,35
4294967278,312
38,54
38,51
38,42
38,44
38,43
4294967278,311
38,39
38,41
38,40
38,32
38,38
4294967278,310
38,37
38,22
38,21
38,34
38,33
38,25
38,29
4294967278,309
38,26
38,16
38,24
38,23
38,8
38,7
38,6
38,13
38,15
38,14
38,12
38,5
38,11
38,10
38,9
38,4
38,3
38,2
38,1
4294967278,308
4294967294,475
37,139
37,138
37,137
4294967279,318
37,136
37,75
37,73
37,135
37,134
37,133
4294967279,317
37,132
37,74
37,56
37,131
37,70
37,130
37,72
37,52
37,129
4294967279,316
37,128
37,71
37,55
37,69
4294967279,315
37,68
37,67
37,66
37,38
37,39
37,65
37,64
37,13
37,63
37,37
37,62
37,24
37,61
37,36
37,60
37,59
37,22
37,58
37,12
37,57
4294967279,314
37,41
37,48
37,54
37,53
37,34
37,51
4294967279,313
37,50
37,49
37,43
37,47
37,46
4294967279,312
37,45
37,44
37,30
37,42
37,19
37,40
4294967279,311
37,35
37,26
37,33
37,32
37,31
37,23
4294967279,310
37,29
37,28
37,27
37,25
4294967279,309
37,17
37,21
37,20
37,18
37,5
37,16
37,6
37,15
4294967279,308
37,14
37,7
37,11
37,10
37,9
37,8
4294967294,1373
37,4
37,3
37,2
37,1
36,4
36,3
36,2
36,1
4294967279,307
35,26
35,25
35,12
35,24
35,23
35,17
4294967278,307
35,22
35,21
35,20
35,16
35,19
4294967278,306
35,18
35,14
35,15
35,13
35,5
35,11
35,6
35,10
35,9
35,8
35,7
35,4
35,3
35,2
35,1
23,15
23,14
23,13
23,12
23,11
23,10
23,9
23,8
23,7
23,6
34,4
34,3
34,2
34,1
33,4
33,3
33,2
33,1
32,4
32,3
32,2
32,1
31,4
31,3
31,2
31,1
30,4
30,3
30,2
30,1
29,4
29,3
29,2
29,1
23,5
28,4
28,3
28,2
28,1
27,4
27,3
27,2
27,1
26,4
26,3
26,2
26,1
25,4
25,3
25,2
25,1
24,4
24,3
24,2
24,1
23,4
23,3
23,2
23,1
4294967294,1372
22,8
22,7
22,6
22,5
22,4
22,3
22,2
22,1
21,20
4294967278,305
21,19
4294967278,304
21,18
21,17
21,16
21,10
21,15
21,11
4294967278,303
21,14
21,13
4294967278,302
21,12
21,5
21,9
4294967278,301
21,8
21,7
