4294967294,0
4243767290,0
4294967294,15
4294967294,184
4294967294,168
4294967294,185
4294967294,83
4294967294,104
4294967294,106
4294967294,160
4294967294,183
4294967294,162
4294967294,1188
4294967294,1370
4294967294,7
4294967294,22
4294967294,17
4294967294,67
4294967294,99
4294967294,41
4294967294,438
4294967294,1372
4294967294,393
4294967294,24
4294967294,474
4294967294,25
4294967294,26
4294967294,1231
4294967294,82
4294967294,1189
4294967278,132
4294967278,131
4294967278,130
4294967278,129
4294967278,128
4294967278,127
4294967278,126
4294967278,125
4294967278,124
4294967278,123
4294967278,122
4294967278,121
4294967278,120
4294967278,119
4294967278,118
4294967278,117
4294967278,116
4294967278,115
4294967278,114
4294967278,113
4294967278,112
4294967278,111
4294967278,110
4294967278,109
4294967278,108
4294967278,107
4294967278,106
4294967278,105
4294967278,104
4294967278,103
4294967278,102
4294967278,101
4294967278,100
4294967278,99
4294967278,98
4294967278,97
4294967278,96
4294967278,95
4294967278,94
4294967278,93
4294967278,92
4294967278,91
4294967278,90
4294967278,89
4294967278,87
4294967278,86
4294967278,85
4294967278,84
4294967278,83
4294967278,82
4294967278,81
4294967278,80
4294967278,79
4294967278,78
4294967278,77
4294967278,75
4294967278,74
4294967278,73
4294967278,72
4294967278,71
4294967278,300
4294967278,70
4294967278,69
4294967278,68
4294967278,67
4294967278,66
4294967278,65
4294967278,64
4294967278,63
4294967278,62
4294967278,61
4294967278,60
4294967278,59
4294967278,58
4294967278,57
4294967278,296
4294967278,56
4294967278,55
4294967278,54
4294967278,53
4294967278,52
4294967278,51
4294967278,50
4294967278,49
4294967278,48
4294967278,47
4294967279,47
4294967279,41
4294967279,40
4294967279,37
4294967279,34
4294967279,32
4294967279,30
4294967279,29
4294967279,28
4294967279,26
4294967279,25
4294967279,24
4294967279,23
4294967279,22
4294967279,287
4294967279,21
4294967279,19
4294967279,291
4294967279,16
4294967279,269
4294967279,12
4294967279,9
4294967279,8
4294967279,7
4294967279,6
4294967279,5
4294967279,4
4294967279,331
4294967278,394
4294967278,0
4294967278,76
0,5
4294967279,330
4294967279,0
4294967294,6
4294967278,393
4294967279,329
4294967278,392
4294967279,328
4294967278,391
4294967279,327
50,6
50,5
50,4
50,3
50,2
50,1
4294967279,326
4294967278,390
49,4
49,3
49,2
49,1
4294967279,325
4294967294,412
4294967294,1180
4294967294,1185
4294967294,1184
48,5
48,4
48,3
48,2
48,1
4294967279,324
47,5
47,4
47,3
47,2
47,1
4294967278,389
4294967279,323
4294967294,1378
4294967279,322
46,5
46,4
46,3
46,2
46,1
4294967279,321
45,6
45,5
45,4
45,3
45,2
45,1
4294967279,320
4294967294,476
44,5
44,4
44,3
44,2
44,1
4294967278,388
43,5
43,4
43,3
43,2
43,1
4294967279,166
4294967294,1377
4294967294,1376
4294967278,387
42,5
42,4
42,3
42,2
42,1
4294967294,437
4294967279,319
41,5
41,4
41,3
41,2
41,1
4294967279,318
40,4
40,3
40,2
40,1
4294967278,386
4294967294,1375
4294967279,317
4294967279,277
4294967278,385
4294967279,271
4294967278,384
4294967278,319
4243767290,3
4243767290,2
4294967278,318
4294967293,131
4294967293,130
4294967293,129
4294967293,128
4294967293,127
4294967293,126
4294967293,125
4294967293,124
4294967293,123
4294967293,122
4294967293,121
4294967293,120
4294967293,119
4294967293,118
4294967293,117
4294967293,116
4294967293,115
4294967293,114
4294967293,113
4294967293,112
4294967293,111
4294967293,110
4294967293,109
4294967293,108
4294967293,107
4294967293,106
4294967293,105
4294967293,104
4294967293,103
4294967293,102
4294967293,101
4294967293,100
4294967293,99
4294967293,98
4294967293,97
4294967293,96
4294967293,95
4294967293,94
4294967293,93
4294967293,92
4294967293,91
4294967293,90
4294967293,89
4294967293,88
4294967293,87
4294967293,86
4294967293,85
4294967293,84
4294967293,83
4294967293,82
4294967293,81
